The edges in the minimum spanning tree are:
50 16 20
11 67 18
63 19 17
1 18 14
35 82 13
34 40 12
3 53 11
44 5 11
79 43 11
41 35 11
77 33 11
10 26 10
21 47 10
76 81 10
73 64 10
34 69 10
41 77 9
84 58 9
62 57 8
75 67 8
9 30 8
18 33 8
15 8 8
57 67 7
26 6 7
31 61 7
51 3 6
42 64 6
70 84 6
28 37 6
79 72 6
42 3 6
83 67 5
83 78 5
72 51 5
14 79 5
25 2 5
81 4 5
75 9 5
65 74 5
27 63 4
52 80 4
15 80 4
46 24 4
38 58 4
64 52 4
22 37 4
56 34 4
78 31 3
44 61 3
36 24 3
11 67 3
74 66 3
23 18 3
33 54 3
41 71 2
71 74 2
53 55 2
14 32 2
74 63 2
39 12 2
20 60 2
45 41 2
29 35 2
20 6 2
42 61 1
58 80 1
17 47 1
7 52 1
2 36 1
47 22 1
71 72 1
49 16 0
44 39 0
22 59 0
16 48 0
24 58 0
9 81 0
78 28 0
39 16 0
56 71 0
68 57 0
26 52 0
56 34 0
13 4 0
The edges in the minimum spanning tree are:
14 3 80
5 20 56
49 42 46
21 9 40
55 1 38
32 7 38
43 7 38
38 28 34
41 45 28
37 33 27
17 2 26
56 30 24
44 17 24
28 3 24
49 7 23
2 34 23
11 29 22
59 2 20
13 47 20
32 51 20
24 40 19
18 17 18
10 57 18
52 12 17
27 44 17
12 53 16
53 54 16
23 38 16
1 9 16
6 4 15
15 16 15
15 16 14
39 35 14
27 60 13
26 5 13
60 10 12
22 35 11
47 2 11
30 26 11
57 3 10
45 49 10
7 13 8
36 33 8
36 3 8
56 50 8
53 29 8
58 25 7
8 1 7
19 1 7
26 5 6
4 27 6
15 4 6
36 33 5
39 3 4
46 40 4
1 55 3
22 40 3
31 4 2
30 40 2
46 58 2
7 1 2
35 54 1
3 48 0
The edges in the minimum spanning tree are:
8 1 3
3 7 3
6 4 3
1 8 3
9 8 2
5 6 2
9 7 2
6 5 1
6 7 1
7 2 1
4 6 1
6 4 0
The edges in the minimum spanning tree are:
55 27 24
52 46 16
18 8 16
48 21 15
32 13 12
28 11 9
1 24 9
56 39 9
1 38 8
15 39 7
27 40 7
17 3 5
37 42 5
38 49 5
53 30 5
11 20 5
2 41 5
43 29 5
23 20 5
42 10 5
25 48 4
50 52 4
53 43 4
22 47 4
37 45 4
16 40 4
48 19 4
3 52 4
11 17 4
22 13 4
43 35 4
48 16 3
23 43 3
15 12 3
33 38 3
26 43 3
6 33 3
44 5 3
14 13 3
49 7 2
4 36 2
34 29 2
44 54 2
47 40 2
19 57 2
35 51 2
41 6 2
19 4 2
5 57 2
31 42 1
10 48 1
34 2 1
57 43 1
2 18 0
6 33 0
49 38 0
18 56 0
9 31 0
The edges in the minimum spanning tree are:
22 34 35
24 8 33
14 27 21
32 15 12
36 26 10
21 20 10
13 28 9
18 25 9
33 12 8
19 17 8
4 16 8
2 41 7
2 3 7
23 8 7
20 31 7
30 29 6
7 15 6
1 6 6
10 40 6
40 13 6
37 8 5
40 18 5
36 10 5
12 1 4
39 35 3
34 28 3
8 20 3
25 33 3
35 16 3
19 39 2
30 9 2
6 5 2
14 7 1
1 15 1
23 3 1
20 16 1
1 37 1
38 10 1
40 30 0
11 30 0
The edges in the minimum spanning tree are:
37 30 8
2 17 8
22 19 7
21 5 6
9 11 5
20 15 5
4 35 5
20 7 4
26 25 4
3 36 4
2 25 4
14 15 4
10 32 4
4 15 4
16 7 3
23 29 2
22 8 2
4 28 2
11 32 2
16 36 2
34 33 2
3 1 2
22 24 1
24 16 1
18 33 1
27 6 1
3 12 1
23 1 1
14 32 1
15 31 1
24 6 0
11 26 0
31 13 0
4 5 0
33 20 0
8 30 0
11 9 0
The edges in the minimum spanning tree are:
35 15 99
1 9 98
1 52 97
3 12 95
39 6 95
48 30 94
1 4 94
51 28 94
57 50 93
17 1 93
3 49 93
13 39 92
38 30 92
34 10 91
35 59 89
33 22 88
59 57 87
51 29 87
23 7 84
52 57 83
11 12 81
8 25 78
40 5 77
37 49 76
27 57 76
2 44 75
4 48 75
48 9 74
12 17 74
57 29 71
17 25 71
8 27 71
58 42 68
27 59 68
40 33 68
42 20 67
59 28 67
3 12 67
30 50 66
41 3 65
13 22 64
6 24 62
20 32 62
56 18 62
12 4 60
36 16 60
39 38 60
45 17 59
36 52 58
23 47 58
15 23 58
46 52 58
1 34 56
31 49 56
21 43 56
55 59 55
23 33 54
19 4 54
45 27 54
32 29 54
6 5 53
50 46 53
35 11 52
16 44 52
15 7 50
10 43 50
14 7 50
12 40 49
41 54 49
15 11 47
2 28 47
22 58 42
29 1 39
55 25 38
53 22 35
32 46 32
16 46 31
25 47 31
10 1 29
54 14 28
14 9 26
3 53 24
8 24 23
44 33 23
30 32 22
5 46 21
52 7 20
5 10 20
47 5 19
5 11 19
36 3 18
47 30 17
39 45 16
49 19 16
32 27 15
16 43 14
18 32 14
38 51 13
39 8 12
27 42 11
17 14 10
23 47 10
19 33 9
12 44 9
58 39 8
24 8 7
31 38 7
11 55 7
2 38 6
21 29 6
32 20 6
25 53 5
53 34 4
45 32 4
35 4 4
2 47 1
55 23 0
47 49 0
11 11 0
21 21 0
The edges in the minimum spanning tree are:
12 44 8
22 50 8
33 53 7
44 40 6
46 21 6
47 21 5
26 53 5
16 45 5
12 28 5
32 9 5
54 8 4
1 8 4
4 37 4
19 30 4
32 26 4
18 43 4
13 42 4
19 8 4
8 38 3
22 49 3
38 6 3
42 29 3
49 10 3
39 25 3
34 2 3
52 16 3
39 51 3
27 6 3
31 1 2
8 41 2
11 5 2
25 14 2
39 5 2
15 13 2
10 41 2
14 42 2
47 9 2
5 9 2
52 2 1
36 18 1
35 10 1
2 4 1
3 46 1
23 4 1
23 42 1
48 20 0
20 10 0
9 28 0
24 39 0
3 17 0
7 41 0
9 36 0
23 48 0
The edges in the minimum spanning tree are:
17 43 23
30 67 19
63 68 15
16 2 12
3 33 12
45 56 11
9 68 11
25 13 11
6 41 11
37 38 10
4 30 10
5 31 10
66 65 10
33 32 9
44 62 9
53 41 9
21 68 9
23 72 9
5 4 8
61 21 8
72 70 8
35 37 8
60 22 7
40 41 7
17 11 7
49 52 7
49 36 7
25 65 6
58 72 6
64 44 6
8 42 6
42 11 5
24 26 5
1 19 5
39 36 4
25 47 4
55 60 4
69 47 4
46 34 4
24 54 4
32 55 3
29 50 3
7 20 3
60 10 3
4 38 3
19 61 3
50 46 3
24 14 3
19 18 3
60 24 2
32 40 2
2 36 2
38 15 2
10 12 2
31 51 1
2 72 1
45 53 1
47 44 1
64 55 1
48 34 1
21 27 1
57 22 1
41 17 1
28 4 1
50 36 1
29 54 0
25 59 0
61 35 0
20 21 0
71 60 0
29 7 0
The edges in the minimum spanning tree are:
45 37 54
7 49 32
64 35 19
33 28 17
48 38 17
75 1 17
18 55 17
4 35 16
80 24 15
50 56 14
2 73 13
90 27 12
93 91 12
45 13 12
40 90 11
26 92 10
88 87 10
44 61 10
52 77 10
9 28 9
55 23 9
94 34 9
51 85 9
15 91 9
36 46 9
17 24 8
52 65 8
70 60 8
68 4 8
91 28 8
88 8 7
46 4 7
16 18 7
18 25 7
56 59 6
96 63 6
48 10 6
19 53 6
68 25 6
45 32 6
72 4 6
17 69 6
92 41 6
77 54 5
19 78 5
17 41 5
44 58 5
5 12 5
40 12 5
32 90 5
49 95 4
89 15 4
21 46 4
1 59 4
59 83 4
29 4 4
70 76 4
42 1 4
91 11 4
96 20 4
92 5 3
89 15 3
60 30 3
42 6 3
67 49 3
42 47 3
28 47 3
76 51 2
44 87 2
30 84 2
87 20 2
14 66 2
15 82 2
66 32 2
79 19 2
62 86 2
53 38 2
71 79 2
77 22 1
71 67 1
15 31 1
20 2 1
51 62 1
43 6 1
63 79 1
3 49 1
77 12 1
74 91 1
1 49 1
26 81 0
12 57 0
25 95 0
89 62 0
6 39 0
29 97 0
40 74 0
58 44 0
94 45 0
