The edges in the minimum spanning tree are:
13 4 0
56 34 0
26 52 0
68 57 0
56 71 0
39 16 0
78 28 0
9 81 0
24 58 0
16 48 0
22 59 0
44 39 0
49 16 0
71 72 1
47 22 1
2 36 1
7 52 1
17 47 1
58 80 1
42 61 1
20 6 2
29 35 2
45 41 2
20 60 2
39 12 2
74 63 2
14 32 2
53 55 2
71 74 2
41 71 2
33 54 3
23 18 3
74 66 3
11 67 3
36 24 3
44 61 3
78 31 3
22 37 4
64 52 4
38 58 4
46 24 4
15 80 4
52 80 4
27 63 4
65 74 5
75 9 5
81 4 5
25 2 5
14 79 5
72 51 5
83 78 5
83 67 5
42 3 6
79 72 6
28 37 6
70 84 6
42 64 6
51 3 6
31 61 7
26 6 7
57 67 7
15 8 8
18 33 8
9 30 8
75 67 8
62 57 8
84 58 9
41 77 9
34 69 10
73 64 10
76 81 10
21 47 10
10 26 10
77 33 11
41 35 11
79 43 11
44 5 11
3 53 11
34 40 12
35 82 13
1 18 14
63 19 17
50 16 20
The edges in the minimum spanning tree are:
3 48 0
35 54 1
7 1 2
46 58 2
30 40 2
31 4 2
22 40 3
1 55 3
46 40 4
39 3 4
36 33 5
15 4 6
4 27 6
26 5 6
19 1 7
8 1 7
58 25 7
53 29 8
56 50 8
36 3 8
7 13 8
45 49 10
57 3 10
30 26 11
47 2 11
22 35 11
60 10 12
27 60 13
39 35 14
15 16 14
6 4 15
1 9 16
23 38 16
53 54 16
12 53 16
27 44 17
52 12 17
10 57 18
18 17 18
24 40 19
32 51 20
13 47 20
59 2 20
11 29 22
2 34 23
49 7 23
28 3 24
44 17 24
56 30 24
17 2 26
37 33 27
41 45 28
38 28 34
43 7 38
32 7 38
21 9 40
49 42 46
14 3 80
The edges in the minimum spanning tree are:
6 4 0
7 2 1
6 7 1
6 5 1
9 8 2
1 8 3
3 7 3
37 55 39
The edges in the minimum spanning tree are:
9 31 0
18 56 0
49 38 0
6 33 0
2 18 0
57 43 1
34 2 1
10 48 1
31 42 1
5 57 2
19 4 2
41 6 2
35 51 2
19 57 2
47 40 2
44 54 2
34 29 2
4 36 2
49 7 2
14 13 3
44 5 3
26 43 3
33 38 3
15 12 3
23 43 3
48 16 3
43 35 4
22 13 4
11 17 4
3 52 4
48 19 4
16 40 4
37 45 4
22 47 4
53 43 4
50 52 4
25 48 4
42 10 5
23 20 5
43 29 5
2 41 5
11 20 5
53 30 5
37 42 5
27 40 7
15 39 7
1 38 8
56 39 9
1 24 9
28 11 9
32 13 12
48 21 15
18 8 16
52 46 16
55 27 24
The edges in the minimum spanning tree are:
11 30 0
40 30 0
38 10 1
1 37 1
20 16 1
23 3 1
1 15 1
14 7 1
6 5 2
30 9 2
19 39 2
35 16 3
25 33 3
8 20 3
34 28 3
39 35 3
12 1 4
36 10 5
40 18 5
37 8 5
40 13 6
10 40 6
1 6 6
7 15 6
30 29 6
20 31 7
23 8 7
2 3 7
4 16 8
19 17 8
33 12 8
18 25 9
13 28 9
21 20 10
36 26 10
32 15 12
14 27 21
24 8 33
22 34 35
The edges in the minimum spanning tree are:
11 9 0
8 30 0
33 20 0
4 5 0
31 13 0
11 26 0
24 6 0
15 31 1
14 32 1
23 1 1
3 12 1
27 6 1
18 33 1
24 16 1
22 24 1
3 1 2
34 33 2
16 36 2
11 32 2
4 28 2
22 8 2
23 29 2
16 7 3
4 15 4
10 32 4
14 15 4
2 25 4
3 36 4
26 25 4
20 7 4
4 35 5
20 15 5
21 5 6
22 19 7
2 17 8
The edges in the minimum spanning tree are:
47 49 0
55 23 0
2 47 1
35 4 4
45 32 4
53 34 4
25 53 5
32 20 6
21 29 6
2 38 6
11 55 7
31 38 7
24 8 7
58 39 8
12 44 9
19 33 9
23 47 10
17 14 10
27 42 11
39 8 12
38 51 13
18 32 14
16 43 14
32 27 15
37 11 15
49 19 16
39 45 16
47 30 17
36 3 18
5 11 19
5 10 20
52 7 20
5 46 21
30 32 22
44 33 23
3 53 24
14 9 26
54 14 28
10 1 29
25 47 31
16 46 31
53 22 35
29 1 39
2 28 47
15 11 47
41 54 49
12 40 49
14 7 50
15 7 50
35 11 52
50 46 53
6 5 53
56 18 62
13 22 64
57 29 71
48 9 74
The edges in the minimum spanning tree are:
23 48 0
9 36 0
7 41 0
3 17 0
24 39 0
9 28 0
20 10 0
48 20 0
23 42 1
23 4 1
3 46 1
2 4 1
35 10 1
36 18 1
52 2 1
5 9 2
47 9 2
14 42 2
10 41 2
15 13 2
39 5 2
25 14 2
11 5 2
8 41 2
31 1 2
27 6 3
39 51 3
52 16 3
34 2 3
39 25 3
49 10 3
42 29 3
38 6 3
22 49 3
8 38 3
19 8 4
13 42 4
18 43 4
32 26 4
19 30 4
4 37 4
1 8 4
54 8 4
32 9 5
12 28 5
16 45 5
26 53 5
47 21 5
44 40 6
33 53 7
22 50 8
12 44 8
The edges in the minimum spanning tree are:
29 7 0
71 60 0
20 21 0
61 35 0
25 59 0
29 54 0
50 36 1
28 4 1
41 17 1
57 22 1
21 27 1
48 34 1
64 55 1
47 44 1
45 53 1
2 72 1
31 51 1
10 12 2
38 15 2
2 36 2
32 40 2
60 24 2
19 18 3
24 14 3
50 46 3
19 61 3
4 38 3
60 10 3
7 20 3
29 50 3
32 55 3
24 54 4
46 34 4
69 47 4
55 60 4
25 47 4
39 36 4
1 19 5
24 26 5
42 11 5
8 42 6
64 44 6
58 72 6
25 65 6
49 36 7
49 52 7
17 11 7
40 41 7
60 22 7
35 37 8
72 70 8
61 21 8
5 4 8
23 72 9
21 68 9
53 41 9
44 62 9
33 32 9
66 65 10
5 31 10
4 30 10
37 38 10
6 41 11
25 13 11
9 68 11
3 33 12
16 2 12
63 68 15
30 67 19
17 43 23
The edges in the minimum spanning tree are:
94 45 0
58 44 0
40 74 0
29 97 0
6 39 0
89 62 0
25 95 0
12 57 0
26 81 0
1 49 1
74 91 1
77 12 1
3 49 1
63 79 1
43 6 1
51 62 1
20 2 1
15 31 1
71 67 1
77 22 1
71 79 2
53 38 2
62 86 2
79 19 2
66 32 2
15 82 2
14 66 2
87 20 2
30 84 2
44 87 2
76 51 2
28 47 3
42 47 3
67 49 3
42 6 3
60 30 3
89 15 3
92 5 3
96 20 4
91 11 4
42 1 4
70 76 4
29 4 4
59 83 4
1 59 4
21 46 4
49 95 4
32 90 5
40 12 5
5 12 5
17 41 5
19 78 5
77 54 5
92 41 6
17 69 6
72 4 6
45 32 6
68 25 6
19 53 6
48 10 6
96 63 6
56 59 6
18 25 7
16 18 7
46 4 7
88 8 7
91 28 8
68 4 8
70 60 8
52 65 8
17 24 8
36 46 9
15 91 9
51 85 9
94 34 9
55 23 9
9 28 9
52 77 10
44 61 10
88 87 10
26 92 10
40 90 11
45 13 12
93 91 12
90 27 12
2 73 13
50 56 14
80 24 15
4 35 16
18 55 17
75 1 17
48 38 17
33 28 17
64 35 19
7 49 32
45 37 54
